    (horizontal cases)
    [0, 1, 2, 3, 4],[1,2,3,4,5],[2,3,4,5,6],[3,4,5,6,7],
    [8,9,10,11,12],[9,10,11,12,13],[10,11,12,13,14],[11,12,13,14,15],
    [16,17,18,19,20],[17,18,19,20,21],[18,19,20,21,22],[19,20,21,22,23],
    [24,25,26,27,28],[25,26,27,28,29],[26,27,28,29,30],[27,28,29,30,31],
    [32,33,34,35,36],[33,34,35,36,37],[34,35,36,37,38],[35,36,37,38,39],
    [40,41,42,43,44],[41,42,43,44,45],[42,43,44,45,46],[43,44,45,46,47],
    [48,49,50,51,52],[49,50,51,52,53],[50,51,52,53,54],[51,52,53,54,55],
    [56,57,58,59,60],[57,58,59,60,61],[58,59,60,61,62],[59,60,61,62,63],
****************************************************************************
    (vertical cases)
    [0,8,16,24,32],[8,16,24,32,40],[16,24,32,40,48],[24,32,40,48,56],
    [1,9,17,25,33],[9,17,25,33,41],[17,25,33,41,49],[25,33,41,49,57],
    [2,10,18,26,34],[10,18,26,34,42],[18,26,34,42,50],[26,34,42,50,58],
    [3,11,19,27,35],[11,19,27,35,43],[19,27,35,43,51],[27,35,43,51,59],
    [4,12,20,28,36],[12,20,28,36,44],[20,28,36,44,52],[28,36,44,52,60],
    [5,13,21,29,37],[13,21,29,37,45],[21,29,37,45,53],[29,37,45,53,61],
    [6,14,22,30,38],[14,22,30,38,46],[22,30,38,46,54],[30,38,46,54,62],
    [7,15,23,31,39],[15,23,31,39,47],[23,31,39,47,55],[31,39,47,55,63],
****************************************************************************    
    (diagonal cases)
    [0,9,18,27,36],[1,10,19,28,37],[2,11,20,29,38],[3,12,21,30,39],
    [8,17,26,35,44],[9,18,27,36,45],[10,19,28,37,46],[11,20,29,38,47],
    [16,25,34,43,52],[17,26,35,44,53],[18,27,36,45,54],[19,28,37,46,55],
    [24,33,42,51,60],[25,34,43,52,61],[26,35,44,53,62],[27,36,45,54,63],
    [4,11,18,25,32],[5,12,19,26,33],[6,13,20,27,34],[7,14,21,28,35],
    [12,19,26,33,40],[13,20,27,34,41],[14,21,28,35,42],[15,22,29,36,43],
    [20,27,34,41,48],[21,28,35,42,49],[22,29,36,43,50],[23,30,37,44,51],
    [28,35,42,49,56],[29,36,43,50,57],[30,37,44,51,58],[31,38,45,52,59],
****************************************************************************  